# Created by Octave 4.2.1, Sat Dec 09 18:17:07 2017 GMT <unknown@unknown>
# name: A
# type: matrix
# rows: 3
# columns: 2
 1 2
 3 4
 5 6


